catalan : 8
	 1, 2, 4, 14, 132, 429, 1430, 4862
fermat-prime : 4
	 3, 5, 17, 257
perfect : 4
	 6, 28, 496, 8128
mersenne-prime : 4
	 7, 31, 127, 8191
power : 49
	 8, 9, 16, 25, 27, 32, 49, 64, 81, 121, 125, 128, 169, 243, 256, 289, 343, 361, 512, 529, 625, 729, 841, 961, 1024, 1331, 1369, 1681, 1849, 2048, 2187, 2197, 2209, 2401, 2809, 3125, 3481, 3721, 4096, 4489, 4913, 5041, 5329, 6241, 6561, 6859, 6889, 7921, 8192
triangular : 121
	 10, 15, 21, 36, 45, 55, 66, 78, 91, 105, 136, 153, 171, 190, 210, 231, 253, 276, 300, 325, 351, 378, 406, 435, 465, 528, 561, 595, 630, 703, 741, 780, 820, 861, 903, 946, 990, 1035, 1081, 1128, 1176, 1225, 1275, 1326, 1378, 1431, 1485, 1540, 1596, 1653, 1711, 1770, 1830, 1891, 1953, 2016, 2080, 2145, 2211, 2278, 2346, 2415, 2485, 2556, 2628, 2701, 2775, 2850, 2926, 3003, 3081, 3160, 3240, 3321, 3403, 3486, 3570, 3655, 3741, 3828, 3916, 4005, 4095, 4186, 4278, 4371, 4465, 4560, 4656, 4753, 4851, 4950, 5050, 5151, 5253, 5356, 5460, 5565, 5671, 5778, 5886, 5995, 6105, 6216, 6328, 6441, 6555, 6670, 6786, 6903, 7021, 7140, 7260, 7381, 7503, 7626, 7750, 7875, 8001, 8256, 8385
palindrome : 126
	 11, 22, 33, 44, 77, 88, 101, 131, 141, 151, 161, 181, 202, 212, 232, 242, 252, 262, 272, 282, 303, 313, 323, 353, 363, 373, 383, 404, 414, 424, 434, 454, 464, 474, 484, 505, 515, 525, 535, 545, 565, 575, 585, 606, 616, 626, 636, 646, 656, 676, 686, 707, 717, 727, 737, 747, 757, 767, 787, 808, 818, 828, 838, 848, 858, 868, 878, 1001, 1221, 1441, 1551, 1661, 1771, 1881, 2002, 2112, 2332, 2442, 2552, 2662, 2772, 2882, 3113, 3223, 3443, 3553, 3663, 3773, 3883, 4004, 4114, 4224, 4334, 4554, 4664, 4774, 4884, 5005, 5115, 5225, 5335, 5445, 5665, 5775, 5885, 6006, 6116, 6226, 6336, 6446, 6556, 6776, 6886, 7007, 7117, 7227, 7337, 7447, 7557, 7667, 7887, 8008, 8118, 8228, 8338, 8448
twin-prime : 353
	 13, 19, 29, 41, 43, 59, 61, 71, 73, 103, 107, 109, 137, 139, 149, 179, 191, 193, 197, 199, 227, 229, 239, 241, 269, 271, 281, 283, 311, 347, 349, 419, 421, 431, 433, 461, 463, 521, 523, 569, 571, 599, 601, 617, 619, 641, 643, 659, 661, 809, 811, 821, 823, 827, 829, 857, 859, 881, 883, 1019, 1021, 1031, 1033, 1049, 1051, 1061, 1063, 1091, 1093, 1151, 1153, 1229, 1231, 1277, 1279, 1289, 1291, 1301, 1303, 1319, 1321, 1427, 1429, 1451, 1453, 1481, 1483, 1487, 1489, 1607, 1609, 1619, 1621, 1667, 1669, 1697, 1699, 1721, 1723, 1787, 1789, 1871, 1873, 1877, 1879, 1931, 1933, 1949, 1951, 1997, 1999, 2027, 2029, 2081, 2083, 2087, 2089, 2111, 2113, 2129, 2131, 2141, 2143, 2237, 2239, 2267, 2269, 2309, 2311, 2339, 2341, 2381, 2383, 2549, 2551, 2591, 2593, 2657, 2659, 2687, 2689, 2711, 2713, 2729, 2731, 2789, 2791, 2801, 2803, 2969, 2971, 2999, 3001, 3119, 3121, 3167, 3169, 3251, 3253, 3257, 3259, 3299, 3301, 3329, 3331, 3359, 3361, 3371, 3373, 3389, 3391, 3461, 3463, 3467, 3469, 3527, 3529, 3539, 3541, 3557, 3559, 3581, 3583, 3671, 3673, 3767, 3769, 3821, 3823, 3851, 3853, 3917, 3919, 3929, 3931, 4001, 4003, 4019, 4021, 4049, 4051, 4091, 4093, 4127, 4129, 4157, 4159, 4217, 4219, 4229, 4231, 4241, 4243, 4259, 4261, 4271, 4273, 4337, 4339, 4421, 4423, 4481, 4483, 4517, 4519, 4547, 4549, 4637, 4639, 4649, 4651, 4721, 4723, 4787, 4789, 4799, 4801, 4931, 4933, 4967, 4969, 5009, 5011, 5021, 5023, 5099, 5101, 5231, 5233, 5279, 5281, 5417, 5419, 5441, 5443, 5477, 5479, 5501, 5503, 5519, 5521, 5639, 5641, 5651, 5653, 5657, 5659, 5741, 5743, 5849, 5851, 5867, 5869, 5879, 5881, 6089, 6091, 6131, 6133, 6197, 6199, 6269, 6271, 6299, 6301, 6359, 6361, 6449, 6451, 6551, 6553, 6569, 6571, 6659, 6661, 6689, 6691, 6701, 6703, 6761, 6763, 6779, 6781, 6791, 6793, 6827, 6829, 6869, 6871, 6947, 6949, 6959, 6961, 7127, 7129, 7211, 7213, 7307, 7309, 7331, 7333, 7349, 7351, 7457, 7459, 7487, 7489, 7547, 7549, 7559, 7561, 7589, 7591, 7757, 7759, 7877, 7879, 7949, 7951, 8009, 8011, 8087, 8089, 8219, 8221, 8231, 8233, 8291, 8293, 8387, 8389, 8429, 8431
prime : 685
	 23, 37, 47, 53, 67, 79, 83, 89, 97, 113, 157, 163, 167, 173, 211, 223, 233, 251, 263, 277, 293, 307, 317, 331, 337, 359, 367, 379, 389, 397, 401, 409, 439, 443, 449, 457, 467, 479, 487, 491, 499, 503, 509, 541, 547, 557, 563, 577, 587, 593, 607, 613, 631, 647, 653, 673, 677, 683, 691, 701, 709, 719, 733, 739, 743, 751, 761, 769, 773, 797, 839, 853, 863, 877, 887, 907, 911, 919, 929, 937, 941, 947, 953, 967, 971, 977, 983, 991, 997, 1009, 1013, 1039, 1069, 1087, 1097, 1103, 1109, 1117, 1123, 1129, 1163, 1171, 1181, 1187, 1193, 1201, 1213, 1217, 1223, 1237, 1249, 1259, 1283, 1297, 1307, 1327, 1361, 1367, 1373, 1381, 1399, 1409, 1423, 1433, 1439, 1447, 1459, 1471, 1493, 1499, 1511, 1523, 1531, 1543, 1549, 1553, 1559, 1567, 1571, 1579, 1583, 1597, 1601, 1613, 1627, 1637, 1657, 1663, 1693, 1709, 1733, 1741, 1747, 1753, 1759, 1777, 1783, 1801, 1811, 1823, 1831, 1847, 1861, 1867, 1889, 1901, 1907, 1913, 1973, 1979, 1987, 1993, 2003, 2011, 2017, 2039, 2053, 2063, 2069, 2099, 2137, 2153, 2161, 2179, 2203, 2207, 2213, 2221, 2243, 2251, 2273, 2281, 2287, 2293, 2297, 2333, 2347, 2351, 2357, 2371, 2377, 2389, 2393, 2399, 2411, 2417, 2423, 2437, 2441, 2447, 2459, 2467, 2473, 2477, 2503, 2521, 2531, 2539, 2543, 2557, 2579, 2609, 2617, 2621, 2633, 2647, 2663, 2671, 2677, 2683, 2693, 2699, 2707, 2719, 2741, 2749, 2753, 2767, 2777, 2797, 2819, 2833, 2837, 2843, 2851, 2857, 2861, 2879, 2887, 2897, 2903, 2909, 2917, 2927, 2939, 2953, 2957, 2963, 3011, 3019, 3023, 3037, 3041, 3049, 3061, 3067, 3079, 3083, 3089, 3109, 3137, 3163, 3181, 3187, 3191, 3203, 3209, 3217, 3221, 3229, 3271, 3307, 3313, 3319, 3323, 3343, 3347, 3407, 3413, 3433, 3449, 3457, 3491, 3499, 3511, 3517, 3533, 3547, 3571, 3593, 3607, 3613, 3617, 3623, 3631, 3637, 3643, 3659, 3677, 3691, 3697, 3701, 3709, 3719, 3727, 3733, 3739, 3761, 3779, 3793, 3797, 3803, 3833, 3847, 3863, 3877, 3881, 3889, 3907, 3911, 3923, 3943, 3947, 3967, 3989, 4007, 4013, 4027, 4057, 4073, 4079, 4099, 4111, 4133, 4139, 4153, 4177, 4201, 4211, 4253, 4283, 4289, 4297, 4327, 4349, 4357, 4363, 4373, 4391, 4397, 4409, 4441, 4447, 4451, 4457, 4463, 4493, 4507, 4513, 4523, 4561, 4567, 4583, 4591, 4597, 4603, 4621, 4643, 4657, 4663, 4673, 4679, 4691, 4703, 4729, 4733, 4751, 4759, 4783, 4793, 4813, 4817, 4831, 4861, 4871, 4877, 4889, 4903, 4909, 4919, 4937, 4943, 4951, 4957, 4973, 4987, 4993, 4999, 5003, 5039, 5051, 5059, 5077, 5081, 5087, 5107, 5113, 5119, 5147, 5153, 5167, 5171, 5179, 5189, 5197, 5209, 5227, 5237, 5261, 5273, 5297, 5303, 5309, 5323, 5333, 5347, 5351, 5381, 5387, 5393, 5399, 5407, 5413, 5431, 5437, 5449, 5471, 5483, 5507, 5527, 5531, 5557, 5563, 5569, 5573, 5581, 5591, 5623, 5647, 5669, 5683, 5689, 5693, 5701, 5711, 5717, 5737, 5749, 5779, 5783, 5791, 5801, 5807, 5813, 5821, 5827, 5839, 5843, 5857, 5861, 5897, 5903, 5923, 5927, 5939, 5953, 5981, 5987, 6007, 6011, 6029, 6037, 6043, 6047, 6053, 6067, 6073, 6079, 6101, 6113, 6121, 6143, 6151, 6163, 6173, 6203, 6211, 6217, 6221, 6229, 6247, 6257, 6263, 6277, 6287, 6311, 6317, 6323, 6329, 6337, 6343, 6353, 6367, 6373, 6379, 6389, 6397, 6421, 6427, 6469, 6473, 6481, 6491, 6521, 6529, 6547, 6563, 6577, 6581, 6599, 6607, 6619, 6637, 6653, 6673, 6679, 6709, 6719, 6733, 6737, 6803, 6823, 6833, 6841, 6857, 6863, 6883, 6899, 6907, 6911, 6917, 6967, 6971, 6977, 6983, 6991, 6997, 7001, 7013, 7019, 7027, 7039, 7043, 7057, 7069, 7079, 7103, 7109, 7121, 7151, 7159, 7177, 7187, 7193, 7207, 7219, 7229, 7237, 7243, 7247, 7253, 7283, 7297, 7321, 7369, 7393, 7411, 7417, 7433, 7451, 7477, 7481, 7499, 7507, 7517, 7523, 7529, 7537, 7541, 7573, 7577, 7583, 7603, 7607, 7621, 7639, 7643, 7649, 7669, 7673, 7681, 7687, 7691, 7699, 7703, 7717, 7723, 7727, 7741, 7753, 7789, 7793, 7817, 7823, 7829, 7841, 7853, 7867, 7873, 7883, 7901, 7907, 7919, 7927, 7933, 7937, 7963, 7993, 8017, 8039, 8053, 8059, 8069, 8081, 8093, 8101, 8111, 8117, 8123, 8147, 8161, 8167, 8171, 8179, 8209, 8237, 8243, 8263, 8269, 8273, 8287, 8297, 8311, 8317, 8329, 8353, 8363, 8369, 8377, 8419, 8423, 8443, 8447, 8461, 8467
factorial : 4
	 24, 120, 720, 5040
angel : 16
	 111, 222, 333, 444, 555, 666, 777, 888, 999, 1111, 2222, 3333, 4444, 5555, 6666, 7777

fibos : 19
	 1, 2, 3, 5, 8, 13, 21, 34, 55, 89, 144, 233, 377, 610, 987, 1597, 2584, 4181, 6765

type 1 errors
	293, 1523, 1531, 1535, 6669

type 2 errors
	1186, 3518, 3520

type 3 errors
	1186
